1670, 23 lipm'a. 613100.

110103011οό0 1131011310 0313, 13 eje 3311101013 331001101 01181131313
1000133 ’0110301013 1311 1330113133 3101301 31103131110 03110 33 za· ¹
1011010, 100110 10 1133133111110, 1310 11111313 310133 10101033, 01010011,
13 10111 10 111 1001013013 133311. 1111010 10301013, 13 03 3101010 03101310
31010, 1031 oni 1010313103 10101011, 1011 03 1310103103131000110131013
1313 pred 1131111013, 11101313, Β31011 1 Β10111101. 1031010311 3110 1110130
1011 3 11111313 01 14-23 11311113, 01 1113 10 03110 011013 3010131 031
na 1113111010, 1313111010111 3 11111333, 11110 101 01 1001 10313 0101013
31010 1010130131111010 11311 1113131111 13103101111100111 11111130 131
1010101, ali povjerenik 1100101033 1 10013 1010310 011101-11031033313 1130001-
133333173131113,13 3310013111 130113 1131 10111333 0331013. 11310103 10 ’
130 24. 1. 13. 33310130011100310103113, 1001113, 11113113013113331. 3301,
10111010 1 1013013 10103013 1010313, 1001010330100131110 1 013110, 10110 03110-
11030 utri 0010, 11310 3 1013111 01010101 01131013 101 00 11313310 30-
1101310010. Ali 101 101110 030133110331111031313 313010 10 1013 133113111030
,01 1111110111111113013113“; 13101011331011, 13100133 1001103. 1031011110,
1010110310 3133113101311013 13333 A. 1113010111, ,00 1311 100113103 1001·
0133130103 1110110103 3301100011, 33010030103 10111101310111111110110003,“
103 010 331031010111 10111 011001311 1013 0011010310310103113 1001311;
1001001333 10 101 11001113101101013 0313101101 ,3311331133110 11000133010
103110 13110303010131310.“ 1031010311 10 011130 3 11311033. 11010 10101-
1310, 13 00 1010011 101013 11310303 3113131.

U 011. 0110100 u 11010.

1670, 24 11110113. 201101.

11310101 1311013111 1310 33 313310, 13 10 Β3110111311311 31310 131. 1
113310 61131133 0300101013, 10313311101313100133331111101011, 10101 njim ᾗ
jogiffaggcgg glsajggon 11311130 33 1011301013 10113 Ρο113 1111331013, 1013

U 100111. 01101010 0011. 11010001. XX, p. 106.

1670, 05 3110610000.

101030110όο 1101001313 0313 310113 131101311013 kapitula, 10001333 1
111010 13301113 11101333 1011103113, 13 00 011113010311101313113101310- 1
ξὲιῖἰέξοξέξξξᾶῗ 1 Βο113101133, 1013 101111011 011031 110 0100 (1011311-

01011001 0010011000 0010100.

 

