381

111161661661166, 1166666116 6611 6116116116; 6161 interrog. 16 61, 1666,
1616 61166 166, 1166 61 166 616166 166 1611661661 6666661, ans 1616161
16661616616611166666611611; 61 interrog. 59 61, 1666, 1616 16 dem
111616116616116116616666661, 166 6616 6161, 1116, 12000 fl. und 116
0161-116661112100011. dem 11161166 166 1111116166 1111111, 1116 6661
16116161 1611161166, 616161 1661611661661, 166 6616116661 6611161
666161 1666166166 16161161 16 61, 1666, per 1616116661. 60 6611661 wor-
166, wenn herr graf 1661116 1166, 166666, 116 166111116616166166166
6161166666616 6616166166 16111661 661 6116116111 1616, 66616161116166
1116116661. 60, 1616661166, 1116 61 166 616166 1611611611661 were 66· ¹
66116111 worden.

Obigee 61166 und noch 6161161161 611 61661161166616166611616161
1661161616 661661 anderten 666666 H. 1611166611, 661 11161 616111616
11166661. 61166 166, 16661 1611161661 G 6666666661 611 ja 16616111661,
interrog. 66116616, der 6161 166 1611661661 1616 6116111, 116 1161611111·
1161 1116666166 6116666166 66, 1611661 werde 6616 116166611-111111161
6616161166, 6611 weilen 61, 6161166 1611661661, (116 6161616 16166 661 da·
hey 16116, 616 1161116 61 1166, 66111661 Herrn 1116166 166 1116, demit helsen,
111116666 66116 61, 1666, 6661161166. Ad 11111166. 16181 61 66611161
1666 66161 66166 1166666 611611616 611 6616661 corporali juramento 16611-
higen 11116116, 6661616666161666 611 661616 61161666166616166166161-
1611661 66161 616661611 66666 11116, 11661 61, 1616, 61661616 61116 be·
116111666, 661 66611611616161661166, 16661, 6161 1661611661661, 666-
6661,11666166661161161661666 661 6666166116 6661 111111 6166166666
6616, welle 61 1166, 616166 166 11161, 611166 66161666 161616161, sich 16
6661616166, 661 16 1166 66116666. Ad 1616116661 ln. 666161611666 61161-
11666 11611 16666, 166 111611661611661661 1111616661166 Η6116 616166
166 1116 16 661161166, 1166 61 1166116116,66161661616114166661611116161
66116, 6666166 66 16 666111 6616111116, 611161 6661 1611616166666, 11611
61611116 66116 1611 661666 1116116116 661 Ρ61166 661 (11111 16 66166 661
1161161166, 611 1116161 1116116661. 11. 16166166, 1666 16 Gnate weder
Velhh 6661 1116611166 1611611611 11616, 661 6666 116666 6111116 61116161
16666161611 1611616666 616116, 16 Ρ61166 6161· 1111116116611 161161-
1611 were, 166666 sich Η611 (eras 1661116 hernach 16116666 111616; wel-
ches 61166 1666 666161 16161166. 18 61116 16616111661; 661 666 616616
1666116111616161611666161166, 1661 werde Herr graf 166 1116 616616
16616161861161 166661 wiesen, 1166 161166 6616 werde. 16 1616166 66116,
1116 1666 611116116661 19 1161161 6666661, 61611611 (1161 1661611661661
61161166, 611161 16666661 166616 661161116666.

1661166661661666666 666666 Η, 6661611161 er responsione 61 16-
161166. 20 6121, 161 11611616 16 6611161166, 166 Η611 6161 166 1116 11666
61661116111616 1616616116 66111166 6611 611 mehr in 661616 66161166, 666-
1616 6161616666 66116166 166666 61661611161166, und 11666116 66166 willer
andern 6666116661 661661 66661116 161116611, 66116 661616161611611666
16616166116116666 611166 1111661 661116666611. Und wie 6616116161166-
1661 dem 16116 616166 111616 1616161166 6611616 6166666166 16116166
66161166, und 1166111 666611161616611666166, 6616166 6111 sein, 166666,
666666 Η 611616116661. 24 61 15 6161616116 6116611616 66 die 161111.

Δ Ee 16616161 ewen, pre 6661166, 111166166116116116161 166 1116,

 

