105

Κ11111101, 0011111 1 Κ1110111111111 0111110 01 00111111011 1111011 11
111 11111001, 11001111 111011111111011111111111 Κο11111 00111 1101111-
1110111011 1110 011011111 011111 1 011110111 11 1111101100 0111111111. Al
011010111110 1011101011 0011111111 11 10 mole, 1101110111οἱ 0111111
0111111 8111 1111111 110011111111 01111 0011111. 011 11 11111101111011
01221. 11111111111101111111 111 11111111 10111, 1111111 11 110 01-
10101111 111111 111 1 1110 1111111 011011111 01 20000 'Patara 1111111;
1111110011 0110 1111111101 1111011 0010110111 1111010111101111110110.
1011 radi 11011 101 1111011,11 11 11001111110100111111 111111 11111111,
1111111101 Porcia 1011111101] 1111111111, 111 Κ11110101 111111 1111
1011111111 1111011110 (111011) 1 1111 1110111111 01111111 dobiju 11001111,
111111 11111 011011111 01111111111101. 1111111111 01111011101 1111011
(1411111), 011110 0111101011 1011111111 (001 11111111) i 010110 11111101
11001111, 1011 0110011111, 11111 Β1111110110111 101111 11111111, 011110
1111111111111111101111111111 1110101111, 1011 med 01111111 1011111111-
111110110011011, 11 111111111 1111110 0011101111 111101111111111111-
1011111110111111101111 1101111, 1011 1111 11111011, 1 1111011 1111111
1111111111, 111111111011 0011111; 11 1111101101010111111111, 11 1101011
1111 111111, 1111 11 dati 010111111 1171111101 101110 mu 11111 0111-
biti. 01110 1111 110 1101101 1111011 1111111011 010111111 1 Κ11101101
0111111 Μ111111 111.; 11111111 1001111111 111. (24111111). 01111111111111
1001111111 1 Κ1111111 1 1110111111 1111101111Ρ1111001111, 1 001101111111, ·
1011 1111111111 1. 11 01 0011110 01111 101011, 10111 111111110411111
01111, 1111011 11 11111 111. 2. 11 mu 0011111 500 1111111111 101111101-
mah 1111111111 111011.) 1111111 101500 0111111111ἰο 1011011111 10-
11111111. 3. 1100 01111111 11111011011 1 5011111110111111. 11101110
1110 8111 01 10 1110111101 011111. 5. 11011111 1011111Η11111) 11 11 110110
1111111101 (t. 1. 011111 1111111101) 1111111111 1 Κ1110110. 6. 1111110011
1011 da 110111111 1111111111, 11101101 011111. 7. 0111111101] 111 11110·
1111101111 11 11 0011101101, 1101 11011 1111111. 8. 111 101 1111011
1101111, 1111 111011111 11111111. 8111111 11 11 0011111 00 Ρο11111
1111111. 1011111111111111111111 1 1111100, 110 01110 Κ111011, ,1111-
11111111111010111111111, 011011111, 1110 1110 01111111011 1 8111011110
1011111, Κ10111,11011101,Μο1111101. 10100111111111111110 1111111. 111110
111111111111111111111111111·11111111
1 1
010111 Κ1110, 111101110 Ρο111011111111111111 1111111 01111011 01111-
1111111111· 110111011 101111 110 011 110011 1111111 1111111011 101
0100111011, 11111 mu 111 00110 01101011, 1 11111111101010 Β1111, 0101-
1111, 11111, 11 1111111110 11 1111110101001111111, 1111111 01110 1111011
1111 1011111 1111111, 111 111111 101101. 110110110 110111 1011101 00111
0011111110 1110 0100111111, 11111111 101101 1111011 111111 00111111
111101 1011 molo, 11 11110 01011 11111110 11111 1111 1111 sam 010 110-

1111111111, 11 11 1111111 011111. 11111 11 0111111, 1111 11 111111111011 ,

1001111111, 10111111111111111 110011011101, 10 111010 110011111111111
1010111111 0111111111, 10111111 1111 1c1 1 Κ111011011Κο11111, 11 011111
1111ιὲ1ίᾶ 00111, 11 1111111101] 10110 11111111110111 0 1111111 111.

 

