92

, Vnd gleich 3313 uir 33333 1133313333]3313313331313133113133,13333

· 331 331133 313 333331333 33311313133 331133131133133333, 33133 13133333 2

recht geschehen, 1333 irruit 11333 sach ine, Kinpech‚ 331 hernach den ’

, Μ3313333313133 331331 33333333333313313 3133 33113113 1331333 3333 3333333

3331331113 33311331333, 3311333 331 3113 weiss angelegen sein 133333,
31333 331 1333 331333 3333 333333333333313331133 3333133333, 33 1333 33113
1333313331 33331333313133333 33113313 33 333131133, die 33 13333
1133313333 331 133 1133333 33133133331133133311333 33113333 3313 3331333
’ gehen: denenselhen 3333 3313 13333333333 33333333333, 331 33331333
31331133 33333 33133333; 331 uass 13 3133 33313 331 3333 33133331, jeder· ’
3311 33133133 durch 313333 313113113, 3133, 13 33113 31331133311331 33-
313133 11111331133311 133 3333 331331331, durch 313333 Personen 3333331 1
3333 333333333333133133.

Wass im anderten 3313, 133 (13311333 333 Ζ313, 1133333333 33133-
1333313133333133133 331 complicum Ρ3333333, 3313133 (113 sach 331331 eu·
331311113 13 331313333 3333 333 anderen 33133 3313333313111333 1331313333
3333133111333113333133133 3133313331, 331 werden 31331 33133133333 disses
31133 3111 333331333 13 3333333113 331113 333-3333133333 33313333, 3313333
13331331333333113131333333131333, uass 3333 133 Α11333331133 (13333 (133
Β33313311331333 33311333 (1313133 31333333, 331 33331 (113 31331133311133
333133 331331333 3131313133 wir 33333 133 1333 33313 3333133133333133-
333, 1333 33 3333 (13333 33133 3333111333 cure ’331Β33333333131313311333
113333 (31331333 331333113333 3333313333 333113 331331331133 33331133
3313131.

11311333, 3331 13333 33331 331333, 133313 113 133133311333113 Re·
33333133 curn Anfbruch, und 3333 333 deru 13331133333500 Man 333333
0313131311, 333333333331313133333 3333 500 333333 (1333313133 33331331;
3331 3333 33 1333113113 113 333133313 333331333 331 petitoria 333 33333313
Η311331333-11313 33 11333 333113 331 331333 33333113333 Α33333111133 313-
333 33 33133333, 333111 33313333 3333 33 33 1133313333 33113113133333 3333
33113313131333 Η3333133333133 33 sy ahgehendten 03131331 3333313333,
331 313313111333 111313133 1333 331133331333 133333. 11333 3333 3333 113
13 0333313333 331 1133111131 11333113 5 0333333133 vom Jacquischen
Dragoner Regiment 3333133311113133333333331Ρ31133 3331331, 331 113
33113313313111 11333113 3113 33133333, 113 33 Η3313333 11333113 3333
1333333 33333333, 113 113333313333 3333 nach der 11333 331 3313133 3311133
3133333113313333133 sellan: de haben 3131333311 33133333, 13 wir 3333
3331333313333333 willan 3333 1313 1133331133 331313331133133331 131333
31133 (1333113333 11333 33133333 3333 333113131 3333313313 331 31313133-
333333 333 3313313, wan die Keyssersheinischen 500 Μ331333 333 31333
3333333313311333311113813333 333333 313133 13333 3333333333 3333333-
3333311331113333333133( 333333 0333313133 3333331333, 331 3133 313313
33333133 Poste 3311 3331113331333 31333113 3333333 werden.

11331333131 31331 3331333 33 13333333 well 333333333, 1333 13 113
drey drinige 333333331331133331113381333, Κ3331133 33103313 31331311313
33 3133331111333 33333333 31333333331333113333133 un Μ3311133 331 Ρ33-
31331; 3331333 3333 33 3133113333 1333133333 113333 333333 333113 331
113 1133313333 333331133 11111333. 331 133333 11333311333 133 13333 Kais-

. 33331313133333331331333333313311333 33133313, 3333 31333 3311313313,

 

