145
230.

1670, 41100000. Udine. Βο0010110111001101001, 1010101111 0000001011 n For·

lanrokoj, izvjeic'ujc 10]0110,000100011000011. 1000100000, 00001101. Frnm'o

1010000010, 010 jn primi 0 0000Ι prad Rosacn‘s njedno 001. Orseom 1000100-
panone

11100111001011 01 0000110111001011 0100011 0010011001011. 01110 quello,

010 10 0111010110ῑο 1101010010 0011110 10110000110111001110 Soneio 01100
10 10111111 01010110010000110, 10101110 0110 0011110101111000110000 10-
0110, 01001010 000010 001010 11 Oo. Francesoo 10110000, 01010111010010 «
01111, 001011011 1010 0110100010 0 101010 0 0011011101 001 01001101011
01101110011000001010110, 01 1 101110 0 10111001111100010101101101011000
010110 1100110101Μο101000 1110100000 1100010000, nno, 10 0110010011οο-
10101011 delle 0100110, 01 0 10 0101001010 110110 11 0010110 101 nigror (101-
11001 Βο1101100, 0111 00110 il 10110 0001110000 1011010 101 00010 Orfeo
Frangipano‚ 10001011 0000 1101100000, 01 011 assiste 010011111010110 110-
1001010 10110, 01 001110, como havendo deliberato 000010 1011011010101 10
periculosi rumori 10110 Oroatia, 1111010010 0 Novi, 010 0110 11 presente 01
11010, 11 10000110 001 Ancona, 00000110 100001110110 1111010011 000001
01110 00111011 01010 0 1100101001, 01 11 001 0 11000010, 010110010110
1101100010 11010 0010010 0110010, 01 0100010 10000110 111 0001101010 001
0100000110 11 1100010 101 011 01010 1000100010100. 11 11000110100011-
0011, nc' quali (010001010 questa 10101 intentione) potrebbe 0000 0101010οο
incontrato, le 11 1001101010 10110 10 0001010110 01 negotio. 10010 0010 00110
1101101000010011110οο110000 1100110, 001 000110 00110010011000, 010101101010
1010111110 000101001010000 101010, 0110 011100 0110 qualite 10110 01010110,
01001 quello 100001011101010 11 commandere 000101010 0110100010. Udine
li 4 aprile 1610. 0010110110 (1100110101, 10000100οη10.

1010.
1010, 0 offic. 100000.

Fannio dc fidelibus 11 Ρο1111101670. 110 5 0100001110 1011110. Βο10-
10111 jo 10100 00 ionem i njegovom 00011011 1101000 0 Βο111, 00 3010-
11111110, 1101111000 0 1110, gdje 00 011 001011. U Zrinn je rczgovnroo 00
Selom Tercinom‚ dn turning 0010 10001011, 0010 110 prije 00 10001010
11010; Γ10101 1010, 10 10 prije 100110 0011010 1111. Bon 10 0010010010·
100111101011 Niemcu braniti 0 1101010111 nbsjosii Petrinju. Knd jo bio
1101010011 0 Turskoj, Turni 00 110 000011 0 01010 00 1011111 10001ος 10
11010 10101001 010 101 Nicmoi i 1101010 011110, 10 c'e mi rcc‘ 11000
1111010 1111010 000101111, 1 ja 10όο 10 0 10000111 01010111 0101000111. Bu·
11010011 jo 10100 1110 11101100 101010 11 101010. Pripovjednjn 110 jo 101011
0011010010010001101010 1 0100110 00 01011 Β1001010, 01110 c‘e 01010
001010, nomo 10 11010 01011100, 0110110 1 11001010 01010.

loia.
1670 5 trazogrssn'zn. 1701011110.

01010111 0000010 Ηο111110 0110 Ρο110 1110010010, 10 ceu Boc 010011
1010111110100, koje 00 00 0 0101101 00101010] 10001110, 11010 00, 10

10

 

