207

1611111 1111116 1111111116 16116111 worden? -1166116 8611161 1116
1664 habe 111 11116, 016161 161 Zrin, 1116 1611611, 1611611.

1101111611 Vermbgen 111 1611611116 16161 -11661111111616
161161616111 61161616111161 6166 611611 11 6611611 1616116111 611166
Interesse 161611610611161 nu 161166661, 3116161 1118611661611616
1161616116.

1111666 Β666111111-1111611 161161161 0161161 161111116161-
Resp.: 1111616 1611 61111611 Beseldung von 1116016161 161611, 6616
1111 16111 161 Ihm genesen; 1611 1, ,161161 161 6161, 6166 111 6611
stallmeister worden, habe 16166116 11116 1116116116 16161166161. 1116161 ’
11616116 161161161, 6166116111 116 Nobhnendigheiten.

1. 016111611 661161161 111161 -— Resp.: Nur ein 1611111116
1161 11111161111111 16661.

8. 11116 161161161011111 1111 6111 866161611 16161-1166111 1111616
16116 1161161; 161111611111611111, 66 6611866161611 genesen, 6616 66161
16161161] halben ,1611 16111116 hinneg.

9. 1161 161 11116, 0111161 Ζ111, 116 Β1161166161116111 -11661.; hh·

(1111 66116161.
1011666 111 611 01111161 11111166 111 01111111161611616611 11161

- Resp.: Er habe 16116, 116616 61166 66116161

11. We 66116, 1661161616 161 Zrin, 661111161661611 -·· Resp.: 816
seyen 1111661611111111,661161116111161166661161, 1111 161 1611611111
111161 (1111111 161 Zrin 6161 6111666 161 86161111161161

12. 01 111 116111 Er, 11111, 1116 1666116111 16161 - Resp.: 111
16111 Herm 01116161-16111166111161616116181111166, 1116111611166161
86116616 6616 111 161 16161616 1111111116 16166116111161161111111616

selbsten gangen.
13. 11611 1111111111611 Lean, 111 mit 11666 1166 111661610611-

661611611611- Resp.: 111 6616 1111 111111661611 1161161-1116111111
111611611161 161Η61161611 16111 1611161.

14. 01 Er die 1661111 06116616 1666161, 1161 616 116611611, 116 111
166661 111 16111111611 —- Resp.: Men 1616 Ihme 116 11611111 111116-
16111, 166661161161616161 611611161111616161611611611,1161161 6161 66116611
116611611 1161161, 1611611161111161 1611611611 116 166161 161611; 6616161
1161 1111111161 616 1661161116661 161’166161; 111, 1611661, 11611616-
1161161 1111,1116 16111611, 11 1111611661116 11611616 06111166161 16111 11611161.

15. 11161611 66 6616, 1666 Zrin den 111161616611111 116 1111161
16661161111 - Resp.: 1111166616 11611.

16. 11161611 16166116 111 166161611111 genesen 66161 - Resp.:
111116666611611, 111 1616 11116, 111116161111, 1161 61611111Μ61111
11611 1666161.

11. 01 11111611161111161111661611611111 genesen? - Resp.:
166 seyen 1161 11111161 1611 1166161 11116 genesen, Ν61111161611 Age
161 06116616; 161616161 116116 611616 1616111, 61661666 11161166 1166661
161 161616111116 Μ11161 zu 1161161 6116111 werden 11116116.

18. 11161611161 01611 1161111611 11 1661111111611 genesen? -
Besp. : Essene 16116106161161611616161161616661, 1111 161 161 1111611111
1111111611111111111111111111116 166 vn

⁰ 1

 

