120

1111111111 111 1111 11111111111111111 1111 1111111111 werden, 111111111
Ρ1111111111111111, 111111111, welches 111 ganz 1111110111111, 11
111111111111 zu 11111111 1111111 1111111111 Ρ11111111 0111 111101-
1111111111111111 111111 Requisiten 111111 1111111 11111111 81111111 11
1111111111 11 111111111111 111111111 1111111111 111111-111111111111 11
01111, 1111 11 111111111 111111111111111111, n. p. u 111111111111, 11111
1111111 po 11111 11111111. Ρ111111 1111111111 mu 11111111 1111111 gr. 1111111,
1111 11 11111111 Μ111111111111 11111111 11111111 11111111 111.
Ρ.1.,,Η11111111111 11111, 111111111111111111111111, 111 Proclama
111111 (11111111111Ρ11111111111111111, welches 11 mit 111111 Ι. 0111.
1111111111 und 11111111111111 111111111111, iiber dessen Publication sich
1111111111111111111, 111 1111111 1111111 111 11111111111111101111111111
111Ρ11111111111 1111111111; 111111 1111, 111 111111 111111111Ρ11111111-
1111 1111111111, 1111111111 1111111 11 11111111111111 1111111111111111111
1111111111, 111 1111111111 (11 1111111111 111111 11 1111111111 1111111111 11-
11111 11111 111111111111111111111111 11111, 1111111111 1111011111 Ζ111

11111111ἑί11 oder 111, wie 11111 11111111 111111 11111111111111111111111111.”

1 3.
¹ 117119111111111.

01111111111 1111 bar. Κ11111111111 1111111111111, 11111111 u gor-
gssoajnfflsat‘rijh njegova se pukovnija 1111111111 11111111111111 11111111 gr.
1111.

174.
1670, 2911111111. [1111111111.

Κ11111111111111 1111111. 11111 1 0111111 Μ111 111 1111111, 11 111
1111111 11111, 11 11 11111 1 1111111 11111111, 11 11 1111111111111111111
11111111111111 1111111 11111111, 1111 1 1111111111, 1111 1111111 1111111
1Η11111111 11 111111 1111111111. 0111111 11 1111111111 111111111, 111111
111 1111111 111111. 11111111111111111111111 1111111111. Μ111 111 1111111
11111111. 1111111 11111111111111111101111111 Edeta iz 1111111111, 1111
11 111 1111111111. 011111111111 11111111 1111 1 11111111 6001111111
1111111111111111111111111111111 1111111111111111111111
11111; 11111 1111111111111111111111, 1111 11 1111111111 1111111 11
111111111. 3111111111 1111111 1111111 111111111111) 11 3011111 1
1111 111111 111 1111111111111. 4. 1111 11111111 1 1111111 11111111111111
1111111111 ga, da 1111 1111111111 111111, 1111 1111 11 1111111111
1111. 011 11 1111111111, 11 11111111111, 111 1111 111 1111111 11111111
111111ς111111111111111 slabi. Κ1111111 nisu odgovorili‚ oni 1111111
1111 111111 111111 1111111 111111 11111111 111111 11111111111111111111

u 0111111 1 11111 1111111111, damu 11 111111 11111111 11 11111 111·
11111,1111111 1111111 11 111111. 01 da ima 100001111111 1 6000
11111111111111, 11 1111111111111 1 1111111111 1 1111111111 1 111111 11

 

