286

41 1161113161 Von 1111166 Pruugepun sein Vorhuhou 61111611
- Ruso: Wie der Fruugopun ron Wieu 111 6611 311111 6666 Η66366
6616 16161161 166161ς1616661 1116166, 316161 161 1161363161, 66,
131661 6161610666111 elles 6111161, 661 er sloh darauf 6661166 modis
disset 666166 6636166161. 01616 Er 116 11161, 66 161 1116136361 1661
3666111161. 116636611666 61161 116 1116661111 111, 1116136361, 1616
166 66 616111 666361611,16661111616161111116 311111 666 1668611166
36661611, 6666 Er, 0161661 1111, 166 Β166161 66131661611166Ρ.
16161611116161366611111, 6611611 36366166 3666311666116616611 dess3
Frangepan 1636166166 P. Porslull 6633636311161616611613631616611-1
616111611361116661,16166111611166Ρ.161616116616611613,6161161 616
116 666161 6116166161111361631661166 111116.

42. 01 116116661 161 graii Orpheus Frangepuu 163116, 316166 161
Ζι11,36666611-Ι1161; 16, 6636611 163 116 36666661, der 11616166

. 161616661116366611111,161016166666366611, 166116136361, reuhloj

16111 161 so passig 6166 161 Μ616166ι6161161666611ι3166 316161 ron
Zriu 3666111161, 6636 61, Orpheus, 316161 16 3666661, 611 1616 16111161
6116 661616 heudo 361611, 16166 666 611 111361 vom 1116661 1661616616

161 1166166616166116Β116166 1161661611661 6616161 11 116 ’1111163
166166 Zriui 661161161 gemacht, 1611 161 111616 166166161613666111161,
ausser 166601616111616, so 111,3161,Ι66,11616661,61ι3 11 1161111163611-

3636161. ¹

43. 01 161 Morohes lue 613666161 1666161 Wieu 66116161 zugeheu?3
— Elei. 111 1111 161666 166 66116161 36161161, 161 der Prsugepeu3
161661611366166166111 11166116 110161Η6136ι6 161611161111·ι
1661161361611, 161111 161 Β1661 1610161-Η613611 16661161 61611 36
66661; 1616 161Ρ.116161611,61616666611,1611 161061111ι611616666ἴ36
36661111166661161163. Μ63. 166 1616161161, 1666111 66 11661 66116;
uu 166 116116 6611 Sohn 1616166366611161, 66 111 6661 61611161 361161
1616661611161166166 Ρ. Superioris zu 1161666116166616661166, 66116661
Homiirgtors (leherici, 661 166 11611161 ossus 1666 1616636616 6136- 3
ι 66116

44. Wou Er 161 Wukovul 1611 nachor 11111163 3666111111 611 661,
16166161 36666611 - 111611 16166161 Martini 611 0611161116 1669 611
166 Ρ63161161 61 Β6116166166 611 1 Ρ1611161; 611 1616 16166166 616-
666113661661, 616 16111611116 61 1611111661, 6166661116 6663, 66 611
166 36161661, 3661661. Wuhovuiski 16161166 16166111 6636 11166 116366
gersonem 616161 6636 616116 1161116 166161, 111 6636 61616 16161 61361
3661611161, 161 1161661613 werde zu spelh 6111 161 Armes 166161, 611
Ersioh 1611661 66161 1616611161, 1661 6616166 Irer Κ63. Moy. 66111161
Beriohteu 111166.

(1616610616166131111161611 16161 66 11 111613 11611, 6161 661
116 1661 3666661, 661 6161 66 61166 6661161161ς16ι11616166 1616 63Ι 6611
66116 661116136116611; 1166666 161611,31616611111,11611 3666661, 66661
1116636361 66361 6616661613 1666 1666311 66131661,66113616611616
Ρ16616616 611 6666161 ι10166161361161ς1616166 6661 16131616166 61611 5
beiohlon‚ souderu 661 361166 611161 36161166, dassEr 116116 66161366
66116,16’1111611666111661366161666161161661 1161 Κ63.Μ63.161 166

 

