223

01001011 0001011 8101001001, 0010010010010 11 Teneai, e resolo 1000011
010000 01101000 01010000 0000 0011010 00110 10110 010010 0101001010

ibid.
1670, 30 11001110. capo d'Ieiria. Po‘ohffjh i cap. Ρ101 noredano 11110, (1000-

10101 0101111111( 1101, 101 misle, 1101011101 7010011 radio spornzumno 00110-
101100( 1000111001, pn 010 000 minii 00001111 1101.

„Nerine inite 010010000 001 0101001011 0000011010101001010101110·

1111001101 00010 1111100 01000 01010 001110101110001010110001. republica ,

01010 questa 01010000 0000010 11 pensiero 0110 01111 1001001100.“
U 111101. 011100. 368

1670, 1 0011111011000101010.

11000011 01010010, 101. 11000 0 010100, 010010101οὁ 00 010001 1111001111
0121 1101010. 111011, 1010 11000 01110110 0100010 0010110 01 2111010100
(1010010 0101100 1111101100 11100111, 0 0101010010 Μο110100110110100010010
00110 1000110101(ος 0 0101011 10101110 01001 1011111001000010 0111010 za
10100 0110000 00001101. (11010 010100 1101111100 1110011οο 011011010 ee: “
,1001110101 besegne (110110 100 1110 0010111111, 10 10100 wir 00011001
10001οἰ11, 1000 0011100 01011000101 0111101011, 00010101, 0101 1110100110, 000-
1010 00010110100101010 100 100011001100101 1011 101 00100 1110110011-
101 sembi ntweyen menschen, 101 1001101 01011, (1101110011 101 010 100011·

0100110 00010110110111000 01101100 1101100 1011011011010 ihr 1000 001101
10111100 (110010110001101100 001101 110000 000111111001 01000101000 101101
0010110110001011 1011001001 001010 001 1111111100, 0100 0001 1011001100
Ηο10110100010 101 1010011000101101,0110 110 hecht 1001110110 ’1010110000
0100100 100000 1101101,101011010 10 0001011010011000 101 0101010101101-
101100, 01001000 11100 0000110010]θο 110100 0010110010, 1000010 0100101-
11001101100 0101 10101001011110100 10101010101000 11000 11001 001001-
fende 10000100 000 100 1110100000 00111100 101 1011110 0011100 1111010101
1010011011101101010011 werden sellenf‘ 0010111000 101 00 101110, 1010 00
001101 111 1111 1001100010 0 MedJ'umurju 1000 1010001100 najeherijenrn
pnhovnihn; 00 10110 neira 1100001010 1011 11011 1101010111 010110 00, 10101-
0110 01011110, 10111001110 mehe 0001011001111, 10 11 1110010010 1101101100
1 zemlJ'e 01000011.

U 101100111000001011100.

369. ⁸

1670, 1 001101011000011010.

11000011 100011010101000100 11οό0, ,100 0101100 1001110101 1100-
ggffiemgpogvrjheeleierfflnzrgrolfiasljhgrnhherer 110011 10 1010001100“; 0000101010
1610.
110.

10701 001001011000011100.

11000011 101. 110000 (110100 10111010 10 0010101110 101000 0101000
1000111011 0 Med Jnmurju.

 

