, 333

1331 3133111331, ne' processi de’ quali 31 3331331333 131133313111313331 1
33333311 33131331331313111333111311333331313111, 311133333 3 cessare 1
13 3111331333, 3333333113. 11113 pare ohe hona 333 31 3113313 13113 S. ³
M ohe 13 131313331333 11 quello 131 3331313 zoin, 13 33313333 11331 1
vogliono non 313 per 3333131311 eernere 13113133,131131331331131111131 3
delegati, per quan 3 131 113313131 13131313 3 131 3313 dobba 13131 grania ¹
della 1113, 33133 3 311 11 1131311113 13311 111311113 persistero sempre in 1
333 131313 333 331 ir 1313 31 131113333 quella delle 3133311 3333 3133.

1313313 1133313 111131 1,131 313 domenroa sora 3311111131 dr Possonra 1
111313 13133313113111333333 11113111331331333113 13 3331 essa 1133331133, 1
313 11 1331113 1311313313111313113, 33 1313 13113 prima rihellione, ohe poi 1
3133133113 morto 11131, 3131111 111311111133311 11111331 13133113 311111 1311 1
13 131113331333 13113 33313333131311113 133131313 111 33133 113333, 1311113313
13 S. M. 333313311133333133333 33313 1311133313 fine 311 33333313 3331- 1
missione. 13 questa 1331333 1313 1 deputati 1113113113 31 1311333313 1311- 3
3331111 3311 311113 3113113 3331,3333 31331 31331 rano humiliati a 3313313 1
potensi operar 1331113313 ogni 13333 risoluzione di 131311313133 3 311 313
31 13311313 dalla M S. havendo 111 1113133333 11131311313111 3311313313 1
Alemanne di presidio per il loro 11113 113 1111311 33133 3 113 1333311 11
1133 31313 331 1333311 11 11113 1313133313133 3311313 313 331111 1331333 11
pane U 331111. 11111331. Germania ool. 186.

331. ’

1671, 21 1133113. Boo. Votum 33133 3111311333 1311313311 3311131131 13311

a· 33 3· hoho 3133113· oderade 33111, hojo aa 13313113 proti 1131133111, Ζ11131331

1 1133131313. Ρν3111313 33 133313 33111 1133111331 3131313133 11333133 1· 91-
11131 3113311 emetha.

1113113111131311131331331Η311313. 113111 313 331333 133 33131-
1133111313 (13311331133 131 11131 1133 3Ρ133333 331 11311131 311313113
Votum 133 1311111 13131311 133 11331 Kayserliohen Μ3133111 31131131111131
13131133133 3331111333.

1113131313 1131113133111313111313311113 113331 133333 Η33131133133
1131311133 11131 1311311131 1111113131 (133133 131313311 3133 1333311313
113333111313111111311 331 1331313113 Sioherheit 1331111 331 31113331 als
haben 3133331 31333131313 11333 dreyen 331131331111131331-113333333133
133333, 13 1313 313 3113113311131 3313131133, 133 solohe 3331131 13131131-

· 1131131331133 11331 Kayserhohen 1131331111 13 dem Geheirnhen 11311, 13131
1313 sonatan 13 11331 133131133133 Saohen 13131133131331 31 1131111333
33131113311313311131 133111333 1333313 1313133311313 13131313 fleo 113 3113

’ , 1111, 1,1113113133133 11313333113131113311313311311313311318331331311
(133113311313311131311313311131313331131113131113311 1131133 3311331

Deme 333 33 131313331131331311311 1313133 bey dero 1313131133
Rath 331 133333 Ο11131Η31133131313 113 111311131331133133 1333 Η3113
Η313313313313133 13321111111131611331111111331311313113 1
2 11113313111311113 31131 113131 331 13113 4 Uhr hernach Naohrnit·
131 1133313131191111Α133113 33333133 11331133, 331131331331 1333
31311131 1133 3 Ρ133333 13131 1331 Kayserliohen 1131311113·

 

