294

12. 01 66 616116616666 66616116616616 wisse, 6166 wass 11616661·
666 66161166 66611666 6666611611 ·- Resp: 166 6616. ,

13. Ob er 61611 6661 66 Γ166161611666 66666666, 616 166 1166-(1666- s
66116616666611666666661-111616 6611 heim doeh 161 16611661 666
Ζ61611666, 6661166 666 1166666666, 61166 6666161166, 666666 6161 166 Osr- 3
666 6666161166, 6666111611666 6611666161616166, 661 116 66666 86661666 f
66 6161616166 666116;166 661661661611666661 6666, 661 61611 166 Β6- ,
thiasi. 1 ;
14. 01 66 666666 166 1666116666 666666 116166661666 8666661616 ἶ
66616666 61161666, 6166 6666 116 16 661666 116161166 6666611611-111616 3
666 6616, 6166 1666 166 11661 666 Zrin 61666 116161 vom Β6666 66 (16616616 =
66116116166166 66616661, durch 66616166 6611666 im Nahmen des Thr-
116616611616166 preceptorie 6616616666 661166, 1666616 61166 161616166 166
Zrin 66611666166 661166, 166361661666 des 8616666116 661866666; 166661 3
der Bessa 66661666161, 6616116 6666 16616 Β61666161666 6616166 861661166 ’
6611666; 61661666661, 616, 1161166166, 66661166 66161666 611 6661166166,
hernach er sich 666166, 661 616 66111161166166666 6616666 66166666ς 66
66 6166 ohne befeleh 661666 Κ616666 616111166616611; vermaint 6661, 66
seyedemGreffen 666 Zrin audissem 16666 (16616161616116 6616666; 66,
6661666 1166666666, 616616 6661, 1666 6661 6616166 861661166 6661 166
Franz Juenovieh 666166 86616616 6666116111 worden, und 161166 116666, ¹
(166166 666 Zrin, weder 116 1161166166 6661 116 11166161 616666 6666666166 g
6661666 6661166666111, 16666666661166666 Γ111616116616611166666 616116 6616666 s
6661166. 11666 Ο6161661-Ρ61611661666, so 166166666161 6666611661 16611661 ³
66616161166666166661661161166 666116616116 man 661661611611666 3
66166 661666 8616161166 6166 616 66661116161666 11666, (166166 666 Ζ616, 66 f
1166, 11161166 666 1666666666, mih dem neuen 166666 Τ1161 166 Zrins, item
die 861661166 666 1666 366616 66 86616616 661 Β66616, 166 1161166 mit

·dem hattenbach 66166 661666 8616111166 16661 116 (16116 666 1616, 661666 ,
8616666166, 666166661.

15. 11661166] 66611666 Zrin 6666111, 1666 66 6661 6616, 166 (1661166 ,
666 1666666666, 1661611666 66 166666 616116 6616666 66111, 61 6616166 ’
661611616661611666616 Er habe 6666 116 16161 vom 6661166 666 Ζ616 ¹
verbrennt‚ 166116116116616 86661161616116661 666 11666, 661 1616 66,
grah 666 8666666666, 616116 6616661661166, 6166 6666 66 mit (166166 666
Zrin 66666611661; 166 (1666111161 1616 66 61116, 661661161166,166616666
Η611-06661666, 61616166111166. 86 6661 1666166166.
1611666661 66. (16611666 1616, 1666661, 1666 Er, 6661 666 Fran· ,
66666, 66166 6661 116116661166 6661 6116 6616 1166166166 66666661, 6611166
· 611611616666166666 11616616666 616116166161166, 6661666 666 16666666· ¹
661616166, wasser, 6661, 1166666 sege? - Resp: Es sey 161611 666661
6166 6616666 66 probiorem 1166661 66661 6666 66 666616 6616, 6166 661666
16 166 661666 1116116666. 1166661166 Η666 Η6111666166 eingeworffen: 1616
6661, 66, 6661666 1166666666, 1616 66666661, 6666 66, 66611666 1616, 1666 ’
1161666161] 16 1161161166666616161611. 1116 1666661, 661 wan 66, 6661666 J
1616, 66611661, 1666 66 666 11666 866166 6166166 parts 661611 6166 6616
6616666166, 116 (161116 6661616, 6611 1666 1611611661 61 Μ611616 661 61666661
1666166, 6611111 66, 6661 666 1166666666, 11666 6611616616611611,16666666 ξ
6166 66611666 66666661166 6166616161 1166161166 66116. 11616661666666,616

 

