78

111111111, 11113111111111111111, 111111 1111111111 1111110111111111 11111-
111111, 111 1111 1111111111 111111, 11111111 11131111 1111 111 1111111111
ein 111111111111111111111111111111, 1111111 111 1111111111 11111111
werden 111111. lise 111 11111111111111111111111011111111111 dees Κ1113-
111111111111113111111,011111111111111 111 1113111111, 1111 11111
1111111113111111311111, 1111111111, 1111 11111 111111111111 11111 zu
1111111111 1111111 Beseleh 11111, 1111111 1111111111111111111, welche die
(11111111111111111111111,111 111 11111111111111, 111 1111 ausser Laudis
verlegen wurde, 11111 11 1111111 11 1111111111111111111111 1111111111.
111111111111111111113111111111111 11111 (1111111 11111111111 111111111
111111 1111111111 werden 111111, welle er 11111111 111011111 11111111-
1111, 111111111111 111, 1111 1111111111111111111 111111131111, 111 111
111 3111111 111 1111111 111111.

Nun 111111 111111 Kheys. May. 11111111111113111111111, wie 1111111
es 1111 11111, 111 1111111 111111, welche gleiehwellen 1111111111 souil
Jahr 31111111, 1111111111111 11111111111111111 111 1111111111111 111111
1111111111 dispositionem widersezen‚ ebsenderlieh 1111311111 1111 hie-
rinen vender 1111111 11 1111111 11111111. 1111 111111 wir 1111111111
111113111111111111, Edere Khays. May. 111. wellen 11111311111311131111111,
11111111113113 111111, 11111111 1111 11311 (11111111 Ρ111111, 11 111
1111113181111111111111111111, 111111 11111111111, 1111 solbe, 1111 wir
1111111 11111111111111, 1111111111111 111011111111111 1111311113 also
1111111111 werden, 111111 11111111 11 1111 1111111111, 11111111 111
8111111111 immediate 111111 Commendo, wie 11111111 3111111, 11 11111-
1111111, 1111111 wir 1111 111111111 111 11111 fell 11111111111113 der
· Griniezen 11111111111111311 311111111111 1111111111 111111 1111111,
11111111131111131111111, 111 11111111 111111 111111111111 11111,
11111111111111111 111111.

11111 11113113111111111111 Kheye 11131111. 1111 11111311111 1111111111
Β(1.11.117) 111Β11331111111 11 1111111111 111113111113111 1111111, wass· ¹
geleiten der (11111111111111, 11111111 311111 1111111 1111111111111111111
1111111, 1111111111111111111111, 1111 111 (11111 Β111 1111111
11111113111111(111111111111111111111111111121111-
1111113111111111111111111111111111111, 11111111111
1111111111111, 11111311111111 11111111 eusdem 31111 111111, wel-
1111111111Β1131111 11111111, 11111111111 helie, 1111 111113111111111
(111111 1131111111111111111 111. Μ111111111111111111ς 111111 euch
den 14. huius 16111111111111111111111111111111113111131, 111 111
15. eiusdem 111111131111111111 sellem 11111111,Β11331111,111111, ihme
1111311111111111111111111,111 11111 111111 111 11111111 11111111111
Munium, 11111111111111111111111 geralde, zu 1111111111, 111 euch,
111 11111 fall, dem Peste 11111111 11111111111111111111. Wese 11111111
Gsehless 1111111111 11111113111, 111111111 11111111, 1111111111 11111-
111111 Familia 111 1111111 11 1111 111111111111 111111111, 1111111 es
1111111111Μ11111. 11111311111111111 1111111111111 1111111111 welde,
1111 111 1111111 Μ11111111111111111111131, 111 1111 11111 31111111 111
11111111111111111 werden 111111. Weillen 1111 1111 111 (11111111 1111111
Emoddi, 11111111 111 111 1111111111 111111 1111111111, 1111111111211111
11111111 11111111111111111111111111111111111 11111111, 1111111111 31-

 

