183

06641611 666166 6166616616 66 66166 6 10616666. 06 66 6646, 46 36 Zrin·

616 61661366ς 1664616 66 16666 6661611 1661166.
U 461. 6616166 u 0666.

1670, 14 1666636. 066166.

81611616661116616 cara 66 pomoc‘, 366 46 3166 661611 6661161366
mmo 6416661666, nego i 64 666611116ς jer sigurno 66646, 46 36 666
6661616 1664666 66 6666661666 Κ661366166, 66 46136 661 66 116616 61666
da 66 republica 6461116616611 111616, 16161 664 4616116 363 66113666 ψ
61 16 46 36 samo 161116.

1114.
2940

1670, 14 1666606. 066466.

163666 61616Η6616661616666666346, 46 3661 6611116316 661666 666666
6636666636 64 11. 1. 6., 46 66 66 6641 vojska proti Tursk0j3 imade 66·
46136 proti 1616616666061666116666 1111611146 1666611 646643666 6166166136
po nalogu carevu od 11 i. m. ’

101.
1670, 14 1666636. 066466.

163666 61666 6636663646 poglavarstvu Radgone‚ da popravi gradska
66616 1161361661 providi, jer 6636, 46 66 66616 1616 616 46 3116666116
61666111 16616.

1114. - ·
’ , 216.
1670, 14 1666636. 066166.

Karlo conte 46116 1166 (Thura) J'avlja caru, da 66 16 Μ161616 64
63666466163611 1666166116 16361 46 6 Friulu imaju 66661364, 6611666636
1666666136 6661666ς 46 66 6 1666166 1 Padovi 16661664 661666 16636611166ς
46 66 6 Palmanovi 636666636 1666666136 0666116161, 61616 16643666 46
166466146500013641, 64 163111 36 664 500 46116. U Kopar ima 4661
1664666 66 vojskom 1 6666366166 1 46 Μ161141 1666 066166, 06641616,
Trst 1111616 6663661166 63616 2 61113666 61616, 1636 46 36 car Μ161166ι6
46166. 06 4616 1 6646136 36613611, 1 6164611 46 66 grad 066166 6166611

moli 6616 66 pomoc'.
1114.

167015 1666636 aradae.

163666616666616116366666 Spankauov 16361663 (64 14), 16316] go·
66161 4636 66 666636 uspjeh 66636 ovrhe proti Ρ616ιι 166616661666161661,
,4666 46611661 066166686616 664 0666366661, 661614 616 6666616166,
dass ich 16 466 16661 6636166661 . . . 466 1166666161 66616166166666, 664
mit 461166116661664016666666 611616 16 161166 066116666666666, 616
16346 6161 46666616 1616611161 161 466 116611 466666666611, 416 Fran

 

