162

1555 heinen freyen 1551555 5155 551515111555115515515515155, 5551555 55
551515 555155155555 555515 551 55155, 551155 1515 155 5555555515 Tdrhn-
eche 5555555 5551 51511551555155.115155155155 15555551 15551 155 worn
1551551515555551155551551515555551 551 5555155 155 05515555 51511151
55551511 worden: 1555 55 15515551 115 1511 55515555 551 5555511555 115
wider Ine 5555151551 551 155511 51555515 1155551155 1155511555555151511555
moge3 55115551555155551,15555511. Κ. M. 15 155511 5555515115 115
· Τ55555155155,551555155 relapsus 151, 15551555 5151 115 555155 55511
51 deme 115555 51515, wan die, 55 551551 5555511 55515555115555515115
551 155511 15 555515515515155115 1155551155, 5511155555 115555 551551155
15555 sehlimrnen 11515155 551155555 mit dem Zrinisohen 8515 5555-
11511515 1111515 1151515511, 5155551511 551 51511551 555155 sollte. Ales
haben demnaoh die gehersemehe (1515151515115 unanimiter 5115555155115·
51515155551151, 1555 11. Κ. Μ. 551 115551555151115515551551155,551155155
1555151555 5155511155 hein reflexion nnmeehen, 5551555 155 155, mit bey-
515511 155 1155111555 551551 551 55 511 51155151155 5555555555 resolution
Einffirellerneii 1551511151 5551151155 551 15 1151155 nemhen die ange-
515115 operation 15515555155 551 dehere in omnibns 51 peremnia 55551
115 Ghbe 551 15155555115155 5551 155 85551155 551 155 555155 hefelh 551
1551555115555 555515555, 15555551115 1151551515 111551511555155551155 mit
allen 5555151155 551 55 155 115 5511515155 wornembung derselben 55511551
55551515155, 151 eber 115555 15551555551551515515155, 1555115, 85551555,
5551 51155 gemacht - 551 551551155 5515551155 Ρ5555555115555, 1555555155
5151551155 11111555, 551 51555515115555155 Correepondenz 5551 1551151115
Tegeum angriffvor 51155 1555511 551 05155115 51555155, 115155155155
Tsehalrehnrn mit Reuiern berennen 551 155551 55111555 5151515551511 1111-
55155 rnit 555511, 1555 5155 5555155 55 5555551555 5151 befleiesen 55115 ;
551 115555 5555 155555155, 1555 5551515555555155 115555 2 55155, 1555511
551 05151115, 11555 55155 115 Tdrken 1551155 sebeon noch 155 11551 555
Zrin Enhleuffem und 5511 diseem 1515551155 01515155 Β5515555 1155551155,
1555 er Cotorihe endlieh bloquirn 55115, 55155 5555 155 555555555511 155
5515155 55 5511151151, 55 1555555515 551 5551515155 5515111515555, 5155
durch welehe 155 ensemben gebraohde Gorpetto gesohmellert 551 555115111
wordten: 11555 1551155 55151 555 551155115 Paianion 551 dehere primo
1555515 5155555 55555555155, 155155 15555551 5115555155 5515 515151,
1555 85 der Sehiden zu Einer Bruggen 551 5555155 51511 555555555ς 515
5555511555 5155 155 Η5515551515 551 Β55155551511511515551515585551555
(wie 55 Β551555555151) operiren 555155 551555 55551155 551 elles 5511 551-
555 Vorwissen 551 55511555 55515555 551155, 155 555115 5155155 multas
Victorias 5551111151115115 quandoque 155 virtutique, 151511515555 155 515
(155 55555 eingenomhen ellzugroseen sehrooken eeihhero 51551551, 5515155
5155 555 55 555555 (1555555 5515551 haben. 111511 5551555 551155 85 5511

5511555 55155, 1555 85 155 1551155555 551151055155515115155155555,
5551555 55111555 55555 Η555555 551155 Raab enhweder mit geworbenen
oder Lendt-leher 15551555 551155, 551155 5555151515 1515115, 15 men wider
den Zrin 55551515, 1555 55155155155 85 ’115155 51555 51551111555 115155.
1115 515151151551555 115115 5551 1555155155 555 Η55155515155515151155
werdden, 1555 55 115 551551555555 155551155511551551555555551, 551
155555 555511 5155155 (1151555 555 1515 55 155 Meer 551 15 0555155

 

