144

geordnebe 1111111111 wider 1111 Ζ111 11111111111111111111111111111-
ww. 111111111181111 1111111111 11 11111111 11 11111111.ει

229.

1670, 4 111111. 111111. Β11111111 (1111111111, 1111111111 1111111111· u Furlan-
1111, 1111111111 111111 11111 111111, 111111 111 1 11111 Petra Ζ11111111, ,111111
111. [1111111111 i 11. 1111111111ἶωξὲ111 111 1111111111 i 1111· 11111

Sino 11 1111111111 1111111 1’ 1111111 11 11111111111111111 1111111111
111110111111 1 1111’ 0111111111, 111 1111111 11 me 111111111111 1 notitia
1111181111111111111, 111 1111111 1111111111 fa 111, senza fondamento aggiu-
11111 1 11111 1111111111 111111111111111 1111111111111111 111111111111111
1111111,111111111111 11111111 111111111 1111111 imperiali, mi vongono
111111111 1111111111111 1111111 111111111111111, 1111 1111111 mio debito 1111111
1111 111111111111111111 111’ 11111111111 111111111 11 11111111, 111 111111111-
mati opportuni dalla 11111111 1111111111.

(1111111 1111, 1111 111111111111 1111111111 11111111 11 811111, 1111111
11111111111 11111 1111111 1111111 11 1111111 11111 rivolta 1111 1111111111 il
11111 11111 111 1111111 111 1111111111 1111111111, 11111111111111111111
Τ1111111111, 1111111, 1 d’ altri 1111111111 1111111111. Che 11 1111111 11111,
111111111111110111111 1111111 paesi 1111111 111111111111111, 11 1 1111
11111111 11111 11111 1111 questo 111111111111111111111111111111111 Ρ1111;
che vi fosse concerto 111 111111111111 Β11111111111111111 1111111111, quali
1111111111 1111111111 11 Μ111111, 1111111111 1111111111, vinti 1111111 1111111111
111’ 1111111111 11 811111.

Che 1111111 11 1111111111 111 11111 11111 11111111 11 (11111, 111111
Ἐ11111111ἰ ht 11111111111111, 111111111111 111111 1 gioie 111 11111111 mille

eri, 11 1 111.

811111, 1111 Sua 1111111, 111111 11 11111111111 111 1111111111111111,
1111111111111111111, 11111 egli habbi 1111111 11 111 111111 1111111111
111111111,1111111111111111111111 1111111111 queste 111111, 11111 111
chonon 11 sa, vi sii concerto 111 1111111, 11111111 111 11 111111 vicini.
11 occasioni di questa 111111 sono: 11111 havet 1111111 11 11111 11 11111-
111111 1101111111111 11111111111111111 11111 01111111 111111, che il
1111111111 111 11111 11111111 1’ 11 armata di trenta 1111111111111111111111
11111111 111111 11111111, 111 1111 111111111 11 machina 11111111 11111
1111111111111111,11111111111 11111 1111111111 foraggi di cavallaria
Tama, 11 11 tempo 1111111111. ,

11 1111111111 11111 1111111 111111 111 01111111 11 (1111111 quello
di 111111, 11 1111111111111111111 1111111111οηί 111111 1111111 imperiali
111111111ς11111111111 1111111111 11111 1 publici 1111111, 1111 11111
11111111111111 questa 1111111111 1111 1111111111.

U 11111. 111111.

 

