231

6666666166, 6166 16616116166116116166161, 66166166116666 mih 1661661166
61616111ᾖ 6168616161, 661116 66 666666 1661 1161666116 66116166 haben 666-
166 6 en.

13. 1166, neme, 6611611 66666 0666166166 66 66 dem 16666 666166
166616 66661161111- Rdet: 11661611 166 1166666166 Dionen Szeverovieh
Thema 6111 enhrifflinher (1666166166; 8 166 666 1661611666 11666166,
661 6611611161166166 1661661 sege in 8 Tagen hin· 661 1666666666,
661 hehe 11 661161611116666116111, 6661666 666 6666616666166, 66666
166 1161666161] 66661166666; haben 1666, 1161166, doeh 66616 1611161666 ’
gegeben, 1666 1161616 66166 161116, 661 86, 16111166, 166161166 661166, 66666
16111666 6661166. 161616 euch die 1611666 6166166611, dese der 11611
66616611166, 166 Basse 666 1666111616 16661166, 661 616 6616666 16666
16 1666616 gehen 661 616161166 66116.

14. 01166161166166661 616 86111-Ρ11111166 6666166 wellen? -·
11611 6666; 16166661 1616 111161661611, 16611616 16 2616131161166
161116 1616666 166666, 661 6161 6666166 6666161, 6166 6666 16 6166 1616
machon wellen, 16616661 116 16666166 666 dem 1161611 6166661111166.

1161661 1161166616116661666166666661661 der angepen hehe 66111-
6166 16116611, 166616, 6161666 1116, 666166 166616 66111116666111111,
661 6166161666 166661,611666166661 66161166 6116166166166116661 -
11161 ille: 16 6616611116 66 6166611161 61611, 11 1666666166 hehe 66 6611-
6166 6666161166, 6166 16 661166666161 116 166166166666611611, 6166 66616166
166 116161 616666116166, 661 wan ey 61611 16161616166 6666111166, 1616

166 16666 1616 glauben nnegemeesen‚ 6661616 166 116666166166 8666666- ’

vich strengnlierh. 161 16 6161 666 1616 661666 61611, 666 6161 16666166
166661661611 166 1611 6611116116. 1666166 6666 16616666666161 6111 16616161-
166 666 1166666666 116161 1661166, 61661616111666116116611,16161616 hie·
666166 61666 16666666 6611661; 166 111616616666 66 166616 1611616,
6161 666 1616, 6616666161166 661 6161111661.

11. 0116 1616 Copia 666 diesem 6166 661616 16161 1616611661
- Rdet: 166 6666, 1616 ench 616 161666 16161666 dem 11611166,
ausser ein 1166666 066611666116161 6616 16666 66 166616 durch 166116·
16661611 66666666166166161161661 1616166161, 6616166666.

16. 1166, 16 waes (166161166166, 661 66 6616166161116666166 0166
66166616616666111111 - 11616 Am 1111666616 6166 1166666166 16 166
0166166166 61666 166661666661 (16161611 1616661, 66 116666 1166161 16 166
'Patierin genvensem 66611616 06116666 66 116 1166166166, 166616611666116
1111 1616166 661166; 6616666 166 1666616666616661166 61611 666611661666
hehe 66 6666166 well 11666 konnen, 6166661161 61611 mehr nollem 1616
6616111616 Oemmieeion 661611, 1616161616166 durch 666616616166
616161 66611 611161 61661116 66616666116111; 661 166166161 66116166 ge·
161166 66 selle diesen 116661666666 61611 1616 6616661 11666661166 661116666;
11666 2 1666616616166 Ine 16 1666616 6666116166, aher 66 hehe 166 1166-
amhn? 1111111111111111111111111 1116111
661 were 6111616116116616166166661166666 6116666166 6666111, 6666611
11666 ’11611166 61611 hey 6161 6611611 1616. 16616161 6161 16 16161666 661
116 16161166 relation, 6611666 1616 166661666661 1666616 1161166 61611
mehr 661611166666 nollem 11616 66611166666611661161166666661666 661166.

 

