X

1111111111111111111111111111. 011111 111 sam 11111111 1111111111111111111 ’
111111111 1111111111111111, 1111 1111111111111111 1111111111, 1111111111 1
1111111111111111 11111111, 111111111111 111111111 111111111111111. 011 1
. 1111111111111111 111111111111111111111. (111111 sam, 11 11111111111
11111 1111111111; 111 111111, 111 111 111111111 1111111111,1111111111111111-
⁸ nom 11111111 1 1111111111. 111 111 1111111111 11111 11 11 1111111111, 1111111 ¹
1111111111, 1111111 1111111 sam 11111 111111111; 111111 11111111, 11111111 2
11111111, 1111111111111111111111111111111. 01111111 11111111, 1111111111 “
1111111 111111, prema jeziku 1111111111 1111111111 11111111111111. 1111
111. 11111111 (111. 201) 1111 1111 1111111, 111. 8111 11111111 (111. 213), 0111- ³
gan (111. 282) = 81111111, 11111111111111. 3111π81111111, Ozichi (111.
3651521111, 111. 111111 (111. 2761--111 Η111111 111. 81111111111 sam ,

· 11111111 1111111111111; 1111111111111111111111111111111,,1111111- ἶ

111111111111 1111111 1111111111 11111 111111111111111111111111, 111 =
111111111111111111111111111 111111 ni 11111 11111111 111111111111. Α 1
1111111111111111111. 1871 11111111 11111111111111111111111 11111111- ’
1111; 1 11111 111111 111 1111111 <Sim 11111 111111 1111111.

011 11111 nebi 111111111111111111 11111111 11111111111111 ju· ¹
111111111111111111111 11111111 1 111111111111111111, 11111111 1111111 pri· 1
111111111111111 11111 1111111 1111111111 111111111111,111- =

1111111111111111111111. J. 81111111111111,1111 1111111111-
111111 111 1 111111111 111 1111111111 1111 1 111111 111 1111111 111111 za
1111111111. Β111 11111111111111111111 11111111111111, mono 1 1 11 Ϊ
1111 1111111, 11111 11 11 11111 11111111 11111111.

111. 1111111 1111111.

 

