‘13'

0110111010, 10110 10 01110101101010011. 12. 100 00 11010 1011011οο 001-
110111 1010 1111101011 0111011011011101 0 1011 1010. 13. 1010 1010 10
1011 1010110100. 14. 100 111010 10110110 00 10111011 1 101000 10 110101
,11101010001110110“. 15. 101 10 0101101010 110100 10101101 10 010
11110, 1011 01011010 0100110. 16. 1010 10 110 0100110100, 1010001010111
101000 0010100, 10100 10 9. 010110 10110 1101000ιο slugi grofa 0111110
101010 110110 10101011110 00010 011010 0100. 11. Orfeo Frangam, 10
101101 0101011101ηο 01101 11 0οο111010 1 001010010100. 18. 110100110-
111100 Ζ110011 10 10 111101101010 10110110 010110, 1010 011101101101001-
1010101110 12000 101110 101011111 01010 11011, 0 1011 1011101 1110,
10111 101 00111010. 19. zato, 1011010 bi 101111 10 00 010100010 granica
0011110, 1 0 1010 11010 01000010 0101100011. 2010 bi 00 110110 10110 0101·
111010101111, 101 1100011101 1101101111 1010101011110, 101 10 00 101111
1010 01011 010101 01111 0 1011110. 21. 0101 2111011 10111010 010100110,
11011010 1 0011, 111011 1001110 1001111010 1 10001100. 1110101101 101011101
10 001010 00100 1111001, 01 1010 10 1100 Ζ11110111 101011101 10110110 1 10101
110100 100 11010101, 0 10 00 0010 1 11011010 010101101001011. 22. 010 00
1010 ovim 1011111011 10111011, 10 1010 00 01010 01111 00 1001101100 1 110-
0101101, 01 10 10 10110110, 010 00 100 111011. 23. 0010 00 1011 10011010,
1111101011 1111111, 0101101111 100011 11011111 1011101010 01 1010. 0 1010
110101 drugog 11011011, 01010 10 bi 110 10110111 1111010 1111011. 24. 100-
0101100001101011 0 11011 1101110 101101011010, 1010 01 puk 101010-
010111010101111. 25. 1011 1110 10110, 101 110 101010110111011011011101
11101011 0120101010, 10100 011 1010 10111 1011101, 0 1010 1100 1001010
00101011 111, 01010101 110, 10 10 im 00 1001110 0 101010 10101011. 010 00
10110101010 100 01010101 general iz 110110100 (Ηο110101011) 101111110ύο
1101 0101 Μο0101100101010 00001010. 1010 1ο 101110 1 grof 110010000010111
11 1111101000, (111. 11. 111) 1101011100 00 1011111101 0101111. 1010 101110
1 111101111Ρο111010(111.11. 103) 10 10 Βο1010111 010100 0 1100 bana 10-
1010011 111010111, 0 10001011 1010, 1010 01101101010101111. 010 101110
11010 0010 110110 ,110010110101010 11011010101001010010111011 Κο110100,
101110 01011000 10110, 10010, damu 01 0010 00111010 1011. 111οό0 110-
101010100010 11011 0101111001 0110101οε 10 00 11111010 0101110 00 10001-
11111111010111111101111111111111011111111ῗὲἱέζί
500 01001010 Κο1001010110111 0 Κο11111100. 11010 00 1011011010, 10111
100101011οἰ 10 010101010, Κο101110 1 111001010 1010100001011010 01011101
101011111010 10001010 11010 01 111 1111000001 10100 0110000 0010011010110110
1101010110, 10001101010, 1010 1011 0 1011101 0101010101 1 010 0010100,
0001010όο 11 1011001010111110101011100111110, 0 11011000 (0011001111) 1
0100110101101110011; 10 00 101010 010 1 1011010110110 01110 001011, 1
01011Ηο111011010010101010, 0 001100010 11001 11011 101010 1 1010-
110011; 0010 1011 1010, 10 1010 1111101010 01011 011110 110 1001010110
odmah 1010011. Ρ10101010 10 10110, 10 001011 10101 0001001111 11001010
110 00 10111110 10001010 010111 10 general 0 Κο110100 1010100 0101101010
101110 1011111111 0 1010101 11010111 10 00 1011011.
U 1111001100 011110 10111001.

 

