134

11111111111111111111111111111111111111111111111111ς 11111111 ’
111 1111111111 Η111111111111 1 pomoc‘ 1111, 11111111 11111111 11111111
11111 Grof 1111111111 1111111111111111 sva 11111 11111111 1111111 (111111-
11111111111111111111, 11111 11 111111 caru 111111111111111111111111111
njemui grofu Zrinskomu 1111111111 1111111111 ι 11” 1111 11111111 1111111
11111111,11111111111111111111111,111111111111111111111 1Κ1111111111 1 gra-
1111 11111,1ι11111,11 11111 1111111 tamo 111111 ι 11111111111111111111111-
kopanu na 11111111 11111111111.11111111,11 11111111111111111111111111
11111111111111111,1111111111 1111 11111111111111111111111111111111
111 111 1ο 1111111111,1111 111 11111111 811 mu 1111111111111 1111111111
1 1111111111 1111 1111111111 11 1111111; 1 1ο 11 11 1111111111 11111 1111
meno 11111111 ime kapit 1111 svin 1111111111 1111111111 1111111111. 0 cem

11111. ἀ11111 11111 1111111111 1111111111 111 1111.

1670, 2 1111111.’121(1Ξ1111 111Β11111111.

Η11111111111 moli 1111111 11111 1 (111111 1111111111 1111111111, 11
1111111111 11111111 11111111, 11 da 11111111 11111 11111111 1111 mu vojske
1111.

1070, 2111ῗ12ἓ11111111111.

Β111111111111 11111111111111 1111211161 11111111, 11 1111111111
1111111 11111111, ι 11 tamo 111111111 primi

lbid.
204.
1670, 2 travnja. 0111110.

111111111111Ρ111111,11111111111111 0111111111111111), 1111 111.
111111,11111111111111111111111111 11111111 11111111 111111111111111-
111111111111,111 11111111 1111 1111111111 11111 11111110111111110111
111111 1111111111111111111ς 1 1111 moli za 1111111111 11 111111 111111 111 111-
11111111111. Μ1111 1111111111 nee'e 111 11111111, 111 11 noima 111
1111111, 11111 1111111111 1 1111111.

ma.
1670, 1119υὲ11. 1111

811111 (11111111 11111111111111111 11111111 ι 1111111111,11 11
11111111 (111111 1111111111 111111, 1111 11111111 1111111111 11111111 11111111;
11 1111111111 1111111111 1111 11111111 1 11111111 1111111 11111 111111111111111.

1111.
201.

1670, 2 aprile. Palma. FranJ'o (11111111, 11111011111111111011 Furlanskoj,
1111110111, 1111111111 o 1111111 wrote Petra Ζ11111111 i Fr. 1111111111.

011111 quanto 111 111111111 111111111111 1111111111 1111 Sereni&
Vestra 1111111 1111111 111111111111 11 suddit· 11 1111111111, 11111 11111 aggion-
gere 11 1111111111111111111111 11 111111111111111111111 1 11111 1111111

 

