’333

33131, 1333 men einen 333 1331311311333 333133 Κ33313313111 33 1133
33113113333113. 11333 1313 der 1313131 33333331333113333313131311313, 3
(1331331313, 31333331333133; Er, 1313, 3133 habe einmnl 333331, 13113133 ’
133131113 11331133, 333 11133 133 Kniser nur ein 33313 3331 33133 11313, ¹
so 331113 Er 31133 131333 133333; 313 113 11133 3313133 3333111 1313. 833-
31331311313311131311 33133333 orthon 13313133 331133, 3133 1⁰ 333 13-
33311311333313311133 2⁰ 333 denen Ober·Hnngern in 1111333 33311
831133133, 3331111333 dem Graffen 131313 (1333133, 813333 3311 03113.

,4101 31311113, (13311 Zrin. dem Grnffen 333 3133333313 313131133
3311331 - Resp.: 8313 (1331 Zrin 1313 333331, 13311331333 3133133333
131313311331133 dem 1313, 133 Η311 31133 3331131331, 131333 33133113
3313 33133133 131311; 33113 333 lhme 31133 333113311333 331313133333 =
1133 3333331333.

44. 1113 1333 113 133331331311 33133133 133133 (1331133 1313 131
1111331331 33331111 - Resp.: 83133 13333 1313; 111313 1313 33 11333,
graden 1313, 11331133. ἱ

4131113 113 0333333331333 mit den 333 1111331331 313333131131
worden? - Resp.: Also, der 1111331331 1313 333331 menn snlle die
Br'ieff in einen gewiseen 1131333133 131 131133 31313333, 1333113 331313
durch ein Panem 13113 133333, 33311 311333331 3113133 133333.

46. 01 31311133 1333313111 3131 3331131333331333313313333313131 ,
- Resp.: 113 313333 333 31311. ¹

47. Werumhen 3131 133 (13311 333 1111331331 33333 1133 1133. ’
Μ3331. 13113311 - 11333313 31333 333 31311. ¹

48. 01 133 (13311 1313 1331133113 3111333 genesen 3333, 33313311133
33131313331331333113, 11313131, 1331333331313331- 11333.;.13,
1311331333 133113113 113133 33 11331133 willens genesen, 13131331
3331333 33331. 11331311 313 3313331133331133 vom 11333331 3133 33333
Er 313113.

4111113 1333 133 (13311 1113 3311 131311131133333333331133,333
13331333333331133, 331 31 1133333333 313131 31313333 133333 333331
13131 - Resp.: Drey oder 3133 Μ33311 1333 1313 3313 (1331 3311 133
11313133 3333333331131, 133 1313331311 1313 Ime 133333 33331133, 3313131
3313333133133333; 133 13331311 3333 hernach 1133133133 1131113 3333
Ihm vnbekhnnl.

50. 01 Er 3331 dem Grefen 333 1111331331 vnn denen 1131133133
3333311313, 1333 313 helffen 3311331 - Resp.: 13, 133 Sie 13133 33
33133 13 (13133331, 1333313 313131 3331331133, 333 813 31333 33133.

51. 01 113 31311 31333, 331 333 333] 3311331133133 Bisnhnff dem
131133133133333113131 -113333 Jn, dieses: dese 33331133 33133333
33131133 331133, 33133133] Ende 113 01331331113311 33 0333331313 33311
(113313 1133 33 (1331 3313133 13133, Er aher 31311 13113 11313133 3333.

12. 01 Er 31311333331, 1333 133 (13311 Ζ313 mil 30001333113333,
4000 1131133133, 331331333 (11131333 313131133331131 - Resp.= 1131313
3313133 31311 333331; 133 (1331113111333 13 (1333333111 1331131113 311313
31333113333111313333Β31311 33 133 (1331133 333111133133113113333133.

13. 01, 1133, 3311313 3111 133 131111331331333 (1331133 Zrin ge-
schinhht 13131 -113333 133 11331133131 131133 1313113, Β31111331,
zum 1313333311311, 31333 333131311, 13 3333 333133.

 

