164

8811818188, 8888 E. K. Μ. 818181 18188 188 18111818 1811818888811 88188-
11881881818881188 8818181.

Wegen 188 8811881188188 118818188, weilen gleichwcll 1188811888
88811881888, 1888 88 888 dem (18818888818818818818888818881, 881
8188 jn 818118 88118 18 8188 1818, 8188 888118 881118818818 8818 8888
man der Vellachen versichert 88888, r'nd 88 8188 tumult rnd confusion
818818 8888118, 188888 mih 88188 menies 881 81818818118818811 881 888
Κ18181881188188811 werdhe, welches 188 jedoch 81188188 8181881811 88
1188 8818181188 werden 8888118. Wen 8188 881818 818188181181811 8888-
181188, 8881888 888 88818888 Oenfnsicnen 8188 88888188818888188 118118-
8188 8818888888, 88818181 188 Β881 8818, 811881818818888188118888 der·
8811 18888181188 881 188 88188188188 88811881 cnbefchlenermsssen 18818
nu 8811181888.

118888 188 1881188188 1881888818 881 188 18 88818 1188881188 1811-
88188 0888888188 1888 118 8881 881 188 88881888 881118 8888188 werden;
8888188188 1188881888 8818118888, 1888 88 881181 888 88811811888188-
881188 18 (1818 818888111181, 1881118 Lessiischen 88 8181 88188888 181,
881 8881 188 811118 888 188 1881881811 18 08818 8818881888 8888818818
188 888 (1811881888 818811181, 1888 188018181Ρο8118, 88881181881 18188
1881881811 888888188, 1818 81811 181 dem 1188188881, 188 0188118818-
88811 11888, 018181188118881818 181888, 118 2 Η881118111 8181888 881
junge Pcriie - lenter 8888181888 18811, 188 8881818 1188118888 888 Weid-
81818 8188 8881818 188 188 (1888888818, 118 88888188 Κ8881 818888 8181
181181181881 1881811, 1888 818 118 8181 selber 88 hein 8888881 8188 888-
881188 888888 1881881881118881 18881181. Vnd 1188888 81188 quoad 8811118818.

88881881111888 181 men 188188181 118 Ρ88888 188 1188818118, 188888
1888118118888, 188 1818 1888118188 881 18881818188 1818881181. (11888 881-
88888181 E. Κ. M. selbsten 8881181 18188811, 888 was 118818188188 18811
881 888811 11888 88188181 8888;8“81881 8881188 man 8811 ime 8888188888,
188888 Widderznrdchkunih nu 88888188, wie rumallen znnernemhen 8888,
was 88 insin 881 881888 881818888 818181, welches hernach in 08888118-
1188 8888888 881 Ε. Κ. Μ. 88188888181 881881881 werden 18881888 118
diessmcllen weiss 8888 818118 81888881188, weilen 8888 188888 puncta nicht
weiss, 8881888881881888 derselhen 8188 8818181188 88811188888 181888,
1888 88 (18818 118888 88818181 188 8818 188 18188 811181888818188888
818888, 188 888188 8188 1818881818181888118 8181188181188, 188 11808818
118888 8111 8188 mandato cum 111888 181881881118881188; 881 wass werden
1. Κ. Μ. mit 1888 8818 81118 881888188188888, 8188 881 1888 188 88188-
1811188188. Der Johcnn 888 18888 181 such 881888 8818 881 muter
18818188 8888188 881 181 81818188118 88111888 08811881888888 8188811811
8818818181 881111881881818188 181188 Prince Themesc di 888888 88811
881 18181188 18 8888188 888 obsidibus 8888118181, 881 88 18181818188118 888
8888188 8188181888 881 men mnss 18188888, 1888 8888 81818188 dieses
mdnchss 8888888881811, 1888 88 18 1888 881881188 88 Herberstein die
818811888818811888811881888888 881 88818181 im widrigen 881118888 88
088188 888888181188 11181888 18 818818 18188188 8888888188888188 1888-
18811181888188 1888811881 881 88818181 88188188 81888 18888, Κ8818

881 Κ8188ἱ, 881 881888 88188118888, Diener 881 Vassllen3 quid non 81888-
nrs monce us.

 

