228.
1670, 4 11111111. (111111.

Vojeno 11111 111111111111 11 11111111 1111111 Η111111111111111 111-
11111111111111 11111111 Β111111111 111111111111 11111111 1111111111
1111111111, 11 11 111 100 11111 praba, 111111111]1111111,11111111
1111111111 11111111 111111 1111111 1111111111 1111111, 11111111 11111111
1111111111111111111111 1111111. 1111111111, 1111 Ρ111111111 1111111111,
1111111111111111111 1111111111, 111111111111 Pogledic‘a 1111 mogli do
sada 11111111. Ρ111111111 11111 11111111111111, 11111111 1111 Μ111111
11111111111; 1111111111 von Aichelburg 1111111111 1111111111 111111111111
Δ(111111 11111111 Gallu, da Μ111111 1111 1111111 11111111111111111111111111,
da si kupe 11111 1 1111, 11111 1 11111, 1111 1111111Ζ111111111,111-
1111 1111111111 11111111. (11111 1111111 1111111111, 1111 1111 1111111111]Ι
111111111111111111111, biskup (Μ11111) 1111111 11 1111111111, 1111111
31111111111111 11111, 1111 111 1111111111 post11pat13 to je 111111111, 11
11 11111111111111111 11111 111 1111111111, ,1111 111 1111 Η11111111111
111111111111111111111 11111.“ 1111111 1111111111 ,11111111 8111111111

11111, 11111111 111111 3111111111011011111), 1113111111111111 11111111,
11111111 Fiume gewesen und eigenes Fleiss in 01111111 (11111111) ge·
11111 1111, 111 Bedeutung 111111 (11111111 1111111111; auch im 1111111111
, 11111111, 1111 111111111111111 811111 11 Ρ1111-111, 1111111111111111111111,
11111111111111111111 1 111111 (april) lengistens 111111 dem gr. von
Ζ11111Η11111111111111111111, 111 1111 111 111111111111111 gar ge-
1111111111 11111111 1111 1111111 11111111. 1111111111111 1111 Orpheo
Frangepani 11 1111111111 1111111111, 111111111111111 11111 zuegesprochen:
‚„Jurioa! du 111111, 111111 11111111 1111111 11111· Zeit von 111111 seit
1111111111 11 111111111111111111ἓὲ 111111 1111311
111 Tfirggen: 111 1111 111 11111 811111 mit 111 11111111, 111 1111111 111
Mbhrgrenze 1111111111.““ Isti gen. Breuner 1111111111 11 111]1;,,1111
11111111 11 und 11111111111111111111 11111111 1111111 1111111-
11111 111111 Κ11111111111111111 111 1111111111, 1111 11111111111111111-
111 1111 11111111 1111111111, auch 1111111Ζ1111111111ς11111111111111
11111* 1111111, 11112113 11111130 Γ111111 11 111111 (11111111)
11111111111111 11 111111 111 Β11111111. (111111 Γ11111, 1111, 111111
1111111111 11111, 1111111111 1 Η1111111 1111111111. Β11111111111111111
111111, 11 11 111111111111111111111111111111111111111, 1 1111111111,
Κ11111111 Senj 1111 111 1111 11111111 Talijani (111 1111111111, 11111111)
11 11 ponudili 1111111111] Turbinm 11111111111111 111111 12111111,
11111111111,811111111111111Μ1111111“, 1 111111, 111 11111111 1111111
1111111111111, 11 1111111 1111111 11 111111111111 1111111111* 111111-
11111 1111111 11111 „dass 1111111 1111111111 Vergleich 111111 Arglistig·
1111111 111 1111111111, 1111111111 1118111 11 111111111111 1111111111ςί-
1111 8111111111111111111111; 1111 1111111111 1111111111 Zrinskomu
1111111 1111 1111 11 4000 11111111 11111111111111111111111ς samo
iz Bosne mogla bi 11111111 sila. Prije 1111111111111 1111111 1111111 11

⁸ God. 1610111111111113 1111111, 11111 11111111 11111 1011111111.

 

