, IX ι

1010 166Ρο1611111611 10616110110. Ali 10 01611οι6 611111111, 1616016
6111111 16 0610 1601161666 10606166 0101116, 161 16 066 60 0660 101011
06611011016 16660 0110110, 66101 116101610111, 166610116111661066 66
1161066 mni 16106111. Frankopanom‚ 01161110 1606611110 6116610, 1016 ·
611111616 6 010106 ’6161010-1116101066 1011016, 1610110106 66661 1061116

6611161016 mira 116011610110 1100101161116 1010101016, 0110010 .

1116166 1664 godino. 11661010116110, 1010061616 101011, 661611 0111 “
11161 6 111016 010601116 016 611110, 101 60 10116οό0 11616 1161116110-
pann. S toga 6616110 066, 16 0101611116106 1610116661 01016 611116; 6
661660 616116 101111106 10610161111611111611611, 101166 6 611101661010-
16111 011616161010161 11161610161616 6 0106 11110116 161016. 0161 60
1101 61016 10166111 11661661611111611611 6101. 106161116 101 011016
11616 061. 8611016 1 06101016 1001661101166166016 6 (16111161 gr. 1611616
1661116 (11110116 11101 111106611601011616110106 666 16110111616010160-
pold's Ι. 11111 111 116616 066101. 6060110116-(1601161. Β1.ΧΧ, 305-331),
0110111 1061161611 6160 10 1111 6 trag 1106116 0110161061 61616111 1016-
1010116116 0101106 106 1661101116. 111116161611016, 1610 60 61611610
61166611» 161016 6610101016, 1101 66 11161111001016161166116 [11616161

11161610 110 5 1161116 1666 61101116. 61016 1110006616 1011616110, 111- Ι

011111 16101101 1111610 111616 06 61610111 0116111160116 1665 1 1669 go·
160, 610111 10 161 101611111611 11160 610161061016116 11160116 1611016
11016 1 10161010111116 6 1016101 61616101. Ρο161 1116611 61610 1016 101-
1166 1669 godino 61016 161010 0616161116 666101011101111;161016110,
0601110 01 101011601161016101110, 1 161011 66 6101110 1116116 6 0101011101.
0126 6101116 1670 (br. 81) 10 30 1161116 16116611 1061111616 1601611
610606 161010 16 61611 166. 10 10 1016 066, 16 1016 01161110601116 10·
1011061, 6 661101 10161610 16601166 1111616 6 11016 01 549. 610116 1016
611011, 66101060 10 06160 16 1016610610.

1111616, 1010 16 016 611111 10166111111 1010 66 111066 0 61616111 1

puniti 0161 011 010111061; 611 101011061061116 11160611 01016 6616, 101
16 1011061611 0 1016016 010 10106 66101 10601111 011011 11 010 011110.

10110160. 1116110 1011010 6611616 Κ6161160 1011011161611601060
6101116 16616 1 11616, 61 1111616101, 1011 6111010 6161016 11616161666,
111110 610110 6110116 6101 011101. Ali 66166610 0101661116, 1011 16116661616
111016 6611166 0111 1 drugih 0111016160 01116 0161611 111616111 0111611110
6111011610616116, 061611166 116116 ili drugoj 1111101.

10110 01610 16110111 6116110, 11016116 116110 1110111, 11 10111 10-
1010 16 611116, 10 66161011 60101 101 661116616, mogu 00 6 116110 1116111·
0 6661011 1116111.

1101 1160616616 0111 1111616 6110110 0611066 661016, 10111 60 6016011

 

