291

(1666-1166166 66111166 666116, 66 66666 66116, 1666 66 66 1661661661 661666 ’

1666166 61611116661161116. 16, 66611666 1666666666, 1616 1166, 1666616-
tener, 16661666 16661161 1666 66 16616616661166 611 66611666166, 666Υ
1666 611616 6161 16166666 66116, 61 61611666 6661 helffen wellen, 6616666
166 1616661616 66661166666; wisse 6166 61611, 6611666, 166661666666
homnem 6666166 6666 6616, 1666 166 (1661 666161611666, 166661666666,
66616661166661666611616116616666611661661661; 66 6166 166666166 16-
6616166, 661166116 11616166 1166 666666 Unsinherheit 661666666 (16161666
661 166 1661 6161116166 661666 166666, 66616664011661161166166661166, ’
6666, 16661666666, 616666666166661 der Spesa nit ennehmben wellen,
dehere 6616166 1666 (1661661616166161161; 1661 6611161 161166 1161616·
161661166661166166166666666116111. Den anderten teg nach 166 1666-
616666661166166 6666 demererer 666 Wien anhomben, 6166 161166
11666, 166661666666, 6611666611 durch ein Wallieehee Schneiben 6666, 6661
666 1666666666, gemacht, 666166661161611, 661 166661166 6666616616616616
16116 1166 6166 611 mehr 6666166166,61666 6661 61611, 61 66 16, 6166 666
66 1161666166.

4. 01 166 (1661 6661616 [611166616666 seiner 166Β16616166 von
1666666 6166 166 Ρ. 16661611 666166 Wien 66661161111 -1616666161 666
nein: 1661 1616 66 66 1666661 6666661 66666 1661161616 66 166666
6666 66, graff 666 1666666666, 66116166 16116 16666166, 66116166611 11666
reden wellen 6166 66666166166, 1666 66 6661661661616611666 6661616166
66, 66616661666666666, 1166 6661 61666661166 616116666166166; 661166
grah 666 1616 66116166 666661, er 661666 6661 616116 16666166, mag 6161-
161611 6666166 (1616 6666161 6616; 66116116 inme, (166166 666 1666666166,
166 6661666 1616 166666166 616116 666661; demit 16, 66616661616, 166
661666 661666 Η66111611166 166 Argwohn 6661161166, 6166 6666 66 616
666166666 6166 666661166 666116, Vertere 1611666, (1661666166666666,11666
666166 6661616, 116 dem p. 1666161166166661666(166116161166 improbiert
661 6666661161, 116 (166666166616116 66 61611, 1666 1661116666 mit 1666
Herm 66611611666; 661 66, 6661666166666666, 1616 16661166 66611666
6661 genn 616116 6666661, 66616666 66 1616 6661 116666 166· 6661 6661616
61166 666661, wie 66, 6661 666 1666666666, 66616616616161666 hemmen.

5. Wohin 1666661 666 1616 166 1661111666 161666 661 mit 66666
(166666166166666611616111 - Respondet: 666166 0166-1166666; 116 (16666616-
6166 wisse 6661611; 166 1666661166 6666 66, 6661666 1666666166, 6161166
1661616166 genesen, 1661 1616 66, 6661 666 1616, ihme 61166 hernach
66661161666661116166 1666 116 (16616616666166 666 1166611666. Μ1. 616161
66616616166116666166, 6661 6161666166 666161166; 66 666 16 666116 661
effectu 616116 6616, 6166 6161 61611 616166666 6166 66666666116666, 6661666
1661166116 6661161166 66116; jeze 6666 116 16616 (16166661611, wass Sye 666-
1666 6611666166] 6161166161166, 61166 666661 16166 Religion 6166 661666
66616611666616616666666616666166666; 661 11666 1616 16, 6661 666
1616, ihme 666166 6661666666666 6661661661 666661. 16, 6661 666166666-
pan, 661666 6661 61611, 66116 166 1661116166 hommen, (1661 666 1616 1616
11666, 6661166 666166666666, 666661; 66 1616 6661 6116666166, 1666 Sie
0166-[166666 1666661666, 6166 166 116 1666. commissarii 616116 6161166
661 6166 Ihre 1666. Μ1. 1166, 6661166666 1616, hernach 6616666166 66166666
16166166 666166 16 1661116 bonnm 66166661.

1

 

