220

6116 16 66166166166 Republica 61611666 6116 66666 161 66166166 66616 oi
811166 havendo con 661661616 1161666 6666666 6661 11666616 6 6666161666,
{ggiplfiaczpozgonllgng 166116 616661116161 611 ohe 611 661 11666116 1166111166

357.

1670, 27 1166616. Bac. 1661166111666161111611611166616616, 6611611116 Areto-

nio‚ izejecevpe rimslvi door, 16 je Peior Zra'nskv' iopoojedio 66616 66616 6 Por-

tom 1 pavone 6161166111 i 16 je on piamone 661166 acopo 1616 Fi. 1161166116
no ejernoat promo 66111.

Η6 661666 666111616 chiaramonte 1666616 11 66616 116116 16 Ζ116,
6666161 1 Turchi 11611161611616611661161 661 6661616116 6661 16116 ch’ egli 661
, 161 principio 61166616 fosse 61616 666611616 161111111666161116116666, 61
16661116616161666611116116 66116 superiore di 6666, 6 661166 16’ quali
sicome rectave di 66666161 6111166661 11 61661116 11 666116 616116, 6 11
666161 6111166661661161161116616116616 di 11616116 6 816616 6661 16116
66616 16166 6116616161 161 666 66616 6116 6616166611 0611661611, 661 666616
16166161661 166611611611666166161116 16116 Stiria 6 curiatio, 66611611
111611116 16 611 6611116 16161 cesaree piiv 166116 61 16616666 61 6(166)
11611· 16116616161 661 16666 616666, 6 661 66116 66661616 16116 666 16116
6116666116 11 praesia 616116 11 Vienna, dove tritavia crede 11 66616 che
quello sia per 66116161 166116 61 1616166 11 116 6661, quando 16 616-
66616 61161611666 16116 6666 666 16661 611161 666116 61616111 gli 666666611
1166 ni.

gPer 16161 11 66161 661 666116 1 1611111 16111166116116 superiore he
11 6116116 Ζ116 66611616 666 666 6166116 1611616 11 61166166 11616111 egli
61616611 11111 61166116161 6116 6666166 6111116616,116166116616 1616 quanto
166166616 116666 666116 1661111661 16116 611616 666116 11616616 61 16
61661611116 16116161161666 c 161 6166116 61166166 116116616616.

Η6 16 6166166661616116 661 1116166 11 66666 66611166161 alcuni
6666616611161611116 confini, 66611666 61661666616 161666 6616616 1611 inca-
miuamento a quelle 16116 16116161 6666166, 6666616 6616 666 6666116 11
6661166111116111, 61 116 6611616 16 11666616, 66661 66116 666166116116 16
M. S. 6111661166 6661166111, 1166616 66661 quei 66166161 61616666666116116
661 1616 confini. Seutesi di 1661666166116 11611116166 1116111 11 116661116616
11666616 61 11666111 11 666 1616116 6111166611 assistere, 616161116 6661
pessimi 1166661, 6 616 1616616616611616 6611666 16666. 0616 666 quesn
buoni 116666111 6661661 che 16 6666 61 auderanno 666616 6116616616 16
666116 661 16 661616.

U 661111. critica. 1616666661185.

318.
1670, 27 1166616. 1166161616.Ι

Leopold odpisuje 16166666 11616 1 Gradou 66 njegov 11116116] 21 i. 6.
16 66 6161166 116161166 1116611166 66611616 1 Gradive, 6666 u Κ6116166 111,
Koprivnicu 111 1666 1166666, 16 oudjec‘uvai 61111616116111616111661166616-

bere, upravljanih od 111. povjerenika. 1116116161666116661111 16616 111 66 616-

 

