64

3113 333311111313 31 presente 33133 13131313 3311133313 31 11331333131,
133113313 3313331333 333 13 massa. Si 1 dunque 11333313 31131313 1311313
333 benigne espresieni 313331313333 insieme d' una 131331131333133313
31333333311333311313131313 1313333; 31 3331333333 33111311331 3331311
33313 1’31133131; 13 31133 11 11313 333 133131111 1 1333313313333 31 13 13-
33333333 1’ essere sediti 111311, 31 133311131 33 3111113311 33313311 31 3113-
3133 3313; 13313111 33111, 3113 331 333313333 131 13333 haverenne provissieni
31 3331313333 313313311; 1313131 111331313113 prudenza, dieti 11 313331113
11 ha destituite per 11, 31 31 11133313 11331333 331 31333113111 313131333111;
3113 31133 31 3313111 3131331331133113 3111 133 133331333311 131 13333,
31311333313 11 811133313 31 33313 Naresii, per 33311111, 33333113111, 11313313
temperamenti, 3113 333331113311133313131 31333133 31 3131113313 quiete
een 33113131133311 333311. Cen 31131131311313331111111 3311313 333111313111
3131331131. 113111 dubitans inutile 13 11331311333; 133 1 asperimonte 333

3133311133313 31133313 3311313.
U mtet. 311133.

99.

1670, 22 1311313. Vienna. Meet. 3331331113313113333311181133333 1713133113,
1131333113 3311313-3331313111 33313331131133, e· 3 3331313313 131113 31313.

111113 311331 33311313 queste 331113133311133113113, 3113 33113 3111
, ministri nel 113133113 33313113 333331311333. Un 3333 3113313311331133 13113
3331331331, 3331 3333113311313 1333113313, 1 31313 3111313 13113 31333
3313313131 313331 113333 313113133331133, 3333313 13 333113313 333313-
1133. 81 ehiama 3311 8131333 11133311, 13131333 11 31313333, 13 31113331
3333331313 31133, 31333 1’ 3113 33311311331131131, 31 311331331313 13113 ee-
33133 ebedienaa3 1333113 313 3311113 1311333313113 3111113 3333131133 331
1113133131 3113 333 331113, 33331 1331333 331 3131 311113 11 11313113 333
113313 maligne 31 33113133, 31 33311 13 3331133 improvisamente 11333313 13
1113. Nen 1 1311313, 313 333 313331 11333113 331113131131 di 1333331 di·
331333133333133311113; 11133 1313, 3113 131313 333, 333 13333333 altri,
31 3113 1313313113 333311 11 333131333111 33313113 111333 333313131Ξί1 33-
3113313133313 31311331311331,3113333 31111131 11313311 1113333 31313 31333-
rata 13 133113. La saisita 33113111313313313 apparisce, ma 3313313 11113113
113333, 3113 33313 33333133313 133113 distinguere et 33333331 11 vere. 8311113
3311331113 13 331111313113333 313113, 31 1 3331113 311133, 311313 ogni ma-
31313 31 3133311 1113131313 sue sritture, 33313313 11331313 lumi abben-
1331113113 33111333313333 311333333111. 13 31111 tempi 13313, 3113 13
131 31 hebbe mane in tutti li regini, 31 13333331 premessi 31 3333 33331331
333113 1133111113 1311 1313313131 13 3113113333. 113113111313 33331313, 13-
3313 13 3111313 11133311333131, 33331133333 13 111311331 13113 313333 Vig-
3311, 13131131313 31 ardenti. In 1333 13333113111313, s‘ 3131113 se. 13311
31111, 31313313 3133113313, godeva esser, 31113 1313133331333313333 per-
3333, 331313, 331 13131333313 enee altri. Da Cremeville 3133333113, 3113
habbia 11331313 113313, 313 333131 33333333 3331313 1’ 3333113, 313113333
11 1111311 333 113133313333 131333313333113133313 1111313111. Le 331111313
3313333 13 3333133113 131 33113 31 131 13313. 13311113 11311 33333111313
11333113 33111333131 in 03333113 33133 1333313 d' 13113. 83113331131

 

